waypoints:
  waypoint0:
    position:
      x: 0.77656090259552002
      y: 1.717268705368042
      z: 0.0
    orientation:
      x: 0.22605130869200848
      y: 0.0
      z: 0.0
      w: -0.9741137623786926
  waypoint1:
    position:
      x: 0.7961779832839966
      y: 0.560235321521759
      z: 0.0
    orientation:
      x: 0.0
      y: 0.0
      z: -0.009665847778320312
      w: 0.9999532699584961
